Date : 2022-06-03T16:57:58.635924479
Result = 6
###########
Date : 2022-06-03T16:58:48.476576024
Result = 9
###########
Date : 2022-06-03T17:00:41.714489756
Result = 6
###########
